.Random.seed <-
c(403L, 291L, -89106727L, 810613088L, -652004221L, 2096242233L, 
1020939789L, 381935509L, 70895071L, -1525208606L, 2082564666L, 
-387282484L, 325153981L, -1524037677L, 1351562559L, 1649396959L, 
-288562651L, 1842614642L, 591556100L, -633494897L, 1613303205L, 
-2098251443L, 1997417960L, 1239837081L, 117216200L, 772261760L, 
1665247758L, 415201L, -101560547L, -492801544L, 164428720L, 1591433701L, 
1165112835L, 427166571L, -1697012711L, -1896935730L, 710073936L, 
1193043425L, -1314502823L, -1702342142L, 868214863L, 1805515899L, 
463255388L, -1809572590L, 1577852650L, -1113995196L, 915538617L, 
1188272757L, -1491710764L, -1746984254L, 285849575L, -2095061882L, 
-24570056L, 728464214L, 1191794565L, 384538389L, 682344329L, 
1963872731L, -1165011418L, 1239056708L, -1188364248L, 114876787L, 
1785360789L, -597235491L, -1287310704L, 392138151L, 1311950121L, 
477461349L, -773771709L, 612766949L, 1531465553L, 1387816486L, 
345743368L, -1330597606L, 708691278L, 1365201307L, -1437738196L, 
-166693629L, 1627019356L, -1069763216L, -938488165L, -1534112012L, 
1259833025L, 474313784L, -866833974L, -238634280L, 697147925L, 
-448580905L, -964071835L, -1112752094L, 94316821L, 878314098L, 
-364584606L, 1092457586L, -1864144917L, 2109971928L, -1358197743L, 
-1376261520L, 495754677L, -1650500964L, 1922604860L, 97888491L, 
962514824L, 912673427L, 354025699L, -2063883716L, -261654831L, 
-751339603L, 1786807119L, 1325703747L, 810790738L, -81574215L, 
-925791547L, 499902643L, 374558005L, -1883163797L, -614297253L, 
-698023126L, 1963163538L, -793312572L, 836370207L, -888574777L, 
1796606486L, 1632546308L, -1421327115L, -1631878464L, 1307561549L, 
462395959L, -569220182L, -869650732L, 557004437L, 609467102L, 
-902730612L, -1170811431L, 1091616526L, 1036987458L, 1101704197L, 
-1049020481L, 2044570871L, 1397007472L, -1468477822L, 248577742L, 
1392091187L, 1304811040L, 1802332263L, 2045267753L, 1780889353L, 
1276834404L, 842186755L, 827126113L, 1261819529L, 531525605L, 
-78370087L, 1638137490L, 1385399604L, 1681593795L, 1931962511L, 
-1764693247L, 1307334369L, 1927305323L, -393291138L, -1328110678L, 
1280456843L, -1258127488L, 1141414410L, -1064635685L, 1542907635L, 
345469698L, -1304597235L, 398073230L, -1235422543L, 1060052247L, 
-273051111L, -319256922L, 32878375L, -1111991858L, 2011575856L, 
287500455L, 988432757L, 1892651850L, 216230280L, 1294499132L, 
446475071L, 814916374L, 1582652097L, -2076052925L, -1122415519L, 
1920084194L, -1185021900L, -1919783823L, -615055850L, 2090741987L, 
-340656592L, 1965253817L, 382399420L, -1401956501L, 279104125L, 
-1638778919L, -331072552L, -330054456L, -1218792250L, -1060167024L, 
522494174L, 77987176L, 1774495385L, -777133466L, -1392839253L, 
-1425626365L, -1086065077L, -985421377L, -1841588809L, -1346365150L, 
61235478L, -1712907015L, 1047614070L, -136316342L, -1241562923L, 
-1329224313L, 479969811L, -622855405L, -550816618L, -1090766970L, 
-318724440L, 1723077652L, 129623921L, -2022074306L, 613584299L, 
-943026592L, -397670924L, 327008161L, -1775163369L, -2028143400L, 
-326266248L, -1426244005L, 966600401L, 182307626L, 1402306643L, 
726516070L, -782853322L, -739244937L, 720699530L, 749717766L, 
1596255776L, -1267818960L, -932746457L, -1428142913L, 1056627194L, 
420367883L, 1491144139L, 418752736L, 1981280121L, 419591565L, 
-433634494L, 1810696906L, -1189794356L, 422180757L, -228837719L, 
-1932002206L, -1392313802L, 2029106204L, -666655071L, -1442651156L, 
-1547009028L, 1019277934L, 1416025097L, 1655442895L, -355977261L, 
234700373L, 480215074L, 881799272L, 2000792699L, -1013639819L, 
-362168489L, 1533433323L, 368579278L, -1389791211L, -919208493L, 
-872910443L, 1464838511L, 943992833L, 213055414L, 1784798967L, 
819138940L, -197913826L, 1216936521L, -82830992L, 893344288L, 
906364132L, -987111834L, 1280071563L, -978694204L, 957954335L, 
-257241555L, 191436488L, 205735780L, 509217724L, -43717379L, 
474742970L, 1712855280L, 1261464347L, 378987170L, 1023274127L, 
-1247733270L, -1172890247L, -1929741732L, -224374136L, 1492227284L, 
-1630046130L, 1377946844L, 2145540689L, 2032697765L, 2080949745L, 
531159439L, 276326743L, 1432928491L, 146373780L, -1375270297L, 
-1477562791L, 31895525L, -1854426724L, 928045244L, -1160668713L, 
-651683782L, 1597642134L, 1351600905L, 1678651949L, -1773328559L, 
1156526316L, -1749809276L, 1371864898L, -1188906353L, -1329547958L, 
-2118971595L, -1541579400L, -948095319L, -704060942L, -872027010L, 
-1763607111L, -1763799554L, 308590002L, 1537533236L, 1256306909L, 
1121541338L, 1044823293L, -857690475L, 1984260345L, 209629869L, 
1365673133L, -502651978L, 141924685L, -1688755506L, -146788409L, 
318306527L, -310714996L, -1523949651L, -811457139L, 1876588633L, 
2080092273L, 2097456988L, -734026503L, 1882759163L, 821084925L, 
1572040812L, -359122224L, -805525309L, 738666858L, -1325470732L, 
-1406088419L, 31089836L, -1401699090L, 1526824549L, 512327780L, 
1382377711L, 1997267822L, 1747678058L, 134214843L, -990023252L, 
1250921961L, -1150409905L, 510493261L, 252009964L, -965915914L, 
1239045489L, -801170168L, 1687643147L, 1094499160L, 956540385L, 
-1997269728L, -1189928458L, -2123435815L, 924745568L, -1668702978L, 
1373480098L, 356683934L, -179212252L, 1444279180L, -598023883L, 
-355180925L, -303860317L, 77705208L, 707995799L, -818318394L, 
-365081395L, -277332919L, -2081981046L, 822429296L, -1729581767L, 
-773327100L, -675088184L, 1621786686L, 705523260L, -667769266L, 
1078964387L, 1612704442L, 250317881L, -911949717L, -1209617703L, 
-693826098L, -79797344L, -2010049098L, -123964114L, 939310858L, 
-1928204731L, 244118073L, 110824109L, -526275567L, 473858249L, 
56373540L, 307213866L, -1742374919L, 1904405290L, 1150936986L, 
264697873L, 1223250423L, -807202579L, 1538618316L, -497041573L, 
1993994575L, -1623323435L, 2091678012L, -1891968259L, -618367L, 
1489074499L, -1993484351L, 141815758L, 1501434376L, -1075237906L, 
-900197427L, 1100978905L, 467614360L, 709835292L, -747566790L, 
179652969L, 415567973L, -1244077911L, 1571130028L, -1670371787L, 
510335229L, -720844413L, 2058685322L, -1466830805L, -1961680207L, 
-977188225L, 378416616L, -69195841L, 2109255055L, 1135569395L, 
1263505415L, -756306257L, 1706613033L, -1277906911L, 466281484L, 
610193025L, -1851593902L, -857843945L, 2039495710L, -1790014243L, 
-1757870566L, -1267727325L, 2099189329L, -1820252635L, 365908073L, 
-403378409L, -1245416853L, -2133790337L, -95366271L, -238736209L, 
-1692349123L, 28544212L, -1071643733L, -1146889615L, -573395307L, 
763419697L, 1148547113L, -404671560L, -698218342L, -1333439675L, 
1782002129L, 2084270746L, 1063728509L, -1663113168L, -739076330L, 
274316471L, 352010406L, -1421155316L, -473508680L, -715569400L, 
1493457591L, -1138923703L, -383632007L, -1838552289L, -487175592L, 
-627060317L, -1266834923L, -45026439L, 381082077L, 1668678697L, 
1647421424L, 1246334270L, 1668446341L, -1100874349L, -91925057L, 
740087336L, 525861436L, -1561379324L, -1626572874L, 845348293L, 
-524827913L, -154584421L, -1925682886L, -1339007397L, -1052152196L, 
-880378158L, 1214873834L, -1992476342L, 828416290L, 649910281L, 
-421134838L, 1436477760L, -541186882L, -1034085569L, 1902112079L, 
2010297960L, 1549760131L, -2119982498L, -1302651751L, -16660557L, 
-1503792600L, 1759711327L, -619308003L, 257674075L, -1072428910L, 
-95903406L, 1273411007L, 1911395089L, -437686550L, 1293584430L, 
2034690964L, -456281517L, 1558388159L, 899653475L, 847746238L, 
-45710306L, -1299313145L, 440319539L, -1149832826L, -1420805162L, 
-1571222351L, 18302897L, -556702302L, -503763111L, 2070141878L, 
1850584181L, -439611932L, -918264783L, -25383798L, 976191515L, 
297890875L, -1163303514L, 1314261907L, 319712306L, -349159504L, 
-1049305799L, 1144117094L, -1045602326L, -57710462L, 1622082127L, 
564473949L, -1329940299L, 1436826304L, -595492334L, -673192328L, 
-30309036L, -1695224100L, 161573105L, 960999719L, 1554940597L, 
